stage,iter,total,L_ic,L_bc,L_pde,L_mass
adam,1,37.71430969238281,0.376679927110672,0.003470798023045063,0.011613796465098858,0.0
adam,100,0.14388474822044373,0.000403556419769302,0.00030961076845414937,0.10043300688266754,0.0
adam,200,0.09432373940944672,0.0001493315357947722,3.423933230806142e-05,0.07904819399118423,0.0
adam,300,0.07920876890420914,7.010300032561645e-05,1.3532220691558905e-05,0.072063148021698,0.0
adam,400,0.06983957439661026,5.220406819717027e-05,1.1892370821442455e-05,0.06450024247169495,0.0
adam,500,0.06317342817783356,4.7621215344406664e-05,1.0766794730443507e-05,0.05830363556742668,0.0
adam,600,0.05866042524576187,4.5848260924685746e-05,9.919714102579746e-06,0.053976401686668396,0.0
adam,700,0.05553877353668213,4.4949563744012266e-05,9.940313248080201e-06,0.05094441398978233,0.0
adam,800,0.05295833200216293,4.450330015970394e-05,9.880003744910937e-06,0.048409201204776764,0.0
adam,900,0.05063575133681297,4.3439027649583295e-05,7.998674846021459e-06,0.046211861073970795,0.0
adam,1000,0.04855877906084061,4.355462806415744e-05,1.4015306987857912e-05,0.04406316205859184,0.0
adam,1100,0.04630283638834953,4.1500858060317114e-05,7.844169886084273e-06,0.042074307799339294,0.0
adam,1200,0.044077418744564056,4.0350565541302785e-05,7.625761099916417e-06,0.03996610641479492,0.0
adam,1300,0.04190269112586975,3.9074795495253056e-05,1.1000120139215142e-05,0.037885211408138275,0.0
adam,1400,0.03925078362226486,3.717897197930142e-05,7.784962690493558e-06,0.03545503690838814,0.0
adam,1500,0.03619292005896568,3.513890624162741e-05,8.200241609301884e-06,0.032597027719020844,0.0
adam,1600,0.03268561139702797,3.239731813664548e-05,1.1362761142663658e-05,0.029332250356674194,0.0
adam,1700,0.02845294401049614,2.9286034987308085e-05,9.511257303529419e-06,0.02542922832071781,0.0
adam,1800,0.02384806238114834,2.5675122742541134e-05,1.0555691915214993e-05,0.021174993366003036,0.0
adam,1900,0.01940019056200981,2.1691894289688207e-05,1.1277168596279807e-05,0.01711822859942913,0.0
adam,2000,0.015887325629591942,1.8427435861667618e-05,1.4664488844573498e-05,0.013897936791181564,0.0
adam,2100,0.013101172633469105,1.4988781003921758e-05,1.1053589332732372e-05,0.01149175874888897,0.0
adam,2200,0.011009812355041504,1.2606770724232774e-05,1.0928209121630061e-05,0.009639852680265903,0.0
adam,2300,0.009350825101137161,1.0761782505142037e-05,1.0416277291369624e-05,0.008170484565198421,0.0
adam,2400,0.00808587297797203,9.687988494988531e-06,9.216022590408102e-06,0.007024913560599089,0.0
adam,2500,0.007050583604723215,8.33638205222087e-06,8.941425221564714e-06,0.006127531174570322,0.0
adam,2600,0.006233462132513523,7.40125233278377e-06,8.693515155755449e-06,0.005406401585787535,0.0
adam,2700,0.06834675371646881,0.00042604864574968815,0.0020945530850440264,0.004796353634446859,0.0
adam,2800,0.005060283932834864,6.1340228967310395e-06,7.997909960977267e-06,0.004366902634501457,0.0
adam,2900,0.004601184278726578,5.551078629650874e-06,8.41334076540079e-06,0.003961943089962006,0.0
adam,3000,0.004202597308903933,5.068887276138412e-06,8.651903954159934e-06,0.0036091895308345556,0.0
adam,3100,0.004239771515130997,6.996893716859631e-06,1.7698648662189953e-05,0.0033630954567342997,0.0
adam,3200,0.00360678369179368,4.406570496939821e-06,8.916736987885088e-06,0.003076959168538451,0.0
adam,3300,0.003345587756484747,4.086960416316288e-06,9.34592117118882e-06,0.0028434325940907,0.0
adam,3400,0.0033969173673540354,5.767518359789392e-06,1.8559574527898803e-05,0.0026345697697252035,0.0
adam,3500,0.0029448559507727623,3.663504685391672e-06,9.498097824689467e-06,0.002483524614945054,0.0
adam,3600,0.0027601360343396664,3.4153054002672434e-06,1.0365153684688266e-05,0.0023149538319557905,0.0
adam,3700,0.002597061451524496,3.2146883768291445e-06,1.086794236471178e-05,0.0021669131238013506,0.0
adam,3800,0.002491613384336233,3.1124652650760254e-06,9.468953066971153e-06,0.002085677348077297,0.0
adam,3900,0.002344804350286722,2.917656502177124e-06,1.166937181551475e-05,0.0019363448955118656,0.0
adam,4000,0.002224191790446639,2.760775487331557e-06,1.2233543202455621e-05,0.0018257788615301251,0.0
adam,4100,0.011761341243982315,7.006989471847191e-05,0.00029423669911921024,0.0018119849264621735,0.0
adam,4200,0.0020335172303020954,2.5263336738134967e-06,1.3096984730509575e-05,0.0016499139601364732,0.0
adam,4300,0.0019388587679713964,2.396124045844772e-06,1.3671716260432731e-05,0.001562529127113521,0.0
adam,4400,0.0018522362224757671,2.285995833517518e-06,1.4274783097789623e-05,0.0014808888081461191,0.0
adam,4500,0.001809099456295371,2.3088323359843343e-06,1.4431494491873309e-05,0.0014339012559503317,0.0
adam,4600,0.0017179077258333564,2.1057812773506157e-06,1.5060474652273115e-05,0.0013567248824983835,0.0
adam,4700,0.0016461763298138976,1.999366759264376e-06,1.5560759493382648e-05,0.0012906320625916123,0.0
adam,4800,0.0015781235415488482,1.8997559436684242e-06,1.6039766705944203e-05,0.0012277503265067935,0.0
adam,4900,0.0015479710418730974,1.874315444183594e-06,1.4281067706178874e-05,0.0012177288299426436,0.0
adam,5000,0.0014716358855366707,1.7581492102181073e-06,1.6964442693279125e-05,0.001126176561228931,0.0
adam,5100,0.0014143562875688076,1.6667913769197185e-06,1.7373071386828087e-05,0.0010739463614299893,0.0
adam,5200,0.0013596186181530356,1.5813301388334366e-06,1.7766928067430854e-05,0.0010238162940368056,0.0
adam,5300,0.0016055518062785268,3.2543557608732954e-06,2.16925582208205e-05,0.001063190633431077,0.0
adam,5400,0.0012887275079265237,1.4998049664427526e-06,1.8768107111100107e-05,0.0009510659147053957,0.0
adam,5500,0.0012423028238117695,1.4151496543490794e-06,1.8990285752806813e-05,0.0009108850499615073,0.0
adam,5600,0.001198177458718419,1.3392927940003574e-06,1.923245690704789e-05,0.0008719236357137561,0.0
adam,5700,0.0011554749216884375,1.2696652902377537e-06,1.9464572687866166e-05,0.0008338626939803362,0.0
adam,5800,0.0011342668440192938,1.3494017139237258e-06,2.027496520895511e-05,0.0007965770782902837,0.0
adam,5900,0.0011070265900343657,1.3163837593310745e-06,2.1106074200361036e-05,0.0007643275312148035,0.0
adam,6000,0.001051868312060833,1.131132762566267e-06,2.0466708519961685e-05,0.0007340878946706653,0.0
adam,6100,0.0010146950371563435,1.0693134981920593e-06,2.050437979050912e-05,0.0007027199608273804,0.0
adam,6200,0.012884020805358887,8.940100815379992e-05,0.00029428748530335724,0.0010010453406721354,0.0
adam,6300,0.0009766268776729703,1.0657897746568779e-06,2.1832323909620754e-05,0.000651724636554718,0.0
adam,6400,0.0009419593843631446,9.96137828224164e-07,2.1418802134576254e-05,0.0006281575770117342,0.0
adam,6500,0.0009101273608393967,9.390655009156035e-07,2.1269852368277498e-05,0.0006035222904756665,0.0
adam,6600,0.0008793582674115896,8.889937817002647e-07,2.117158510372974e-05,0.0005787430563941598,0.0
adam,6700,0.0008493170607835054,8.436235816589033e-07,2.108746593876276e-05,0.0005540800630114973,0.0
adam,6800,0.0011725339572876692,4.1714006329129916e-06,2.197047979279887e-05,0.0005356890615075827,0.0
adam,6900,0.0008089470793493092,8.250735845649615e-07,2.1686295440304093e-05,0.0005095767555758357,0.0
adam,7000,0.0007817222503945231,7.774714276820305e-07,2.140143988071941e-05,0.0004899607156403363,0.0
adam,7100,0.02380550280213356,0.0001686165778664872,0.0006348250899463892,0.0005955937085673213,0.0
adam,7200,0.0007508604903705418,7.567014677078987e-07,2.1881131033296697e-05,0.00045637902803719044,0.0
adam,7300,0.0007258497644215822,7.051546049297031e-07,2.1622254280373454e-05,0.00043911178363487124,0.0
adam,7400,0.0007035619346424937,6.714224696224846e-07,2.1360436221584678e-05,0.00042281532660126686,0.0
adam,7500,0.0007105236873030663,8.012852958927397e-07,2.2664167772745714e-05,0.000403753510909155,0.0
adam,7600,0.0006743476260453463,6.6340908233542e-07,2.1598303646896966e-05,0.00039202364860102534,0.0
adam,7700,0.0006543055060319602,6.271624215514748e-07,2.1211835701251402e-05,0.000379470904590562,0.0
adam,7800,0.0024087526835501194,1.3064925951766782e-05,5.902321572648361e-05,0.0005120279965922236,0.0
adam,7900,0.0006351481424644589,6.339448077596899e-07,2.1780046154162847e-05,0.00035395321901887655,0.0
adam,8000,0.0006163744255900383,5.935000331191986e-07,2.1244939489406534e-05,0.00034457503352314234,0.0
adam,8100,0.0005990517674945295,5.63181629331666e-07,2.085975393129047e-05,0.0003341360716149211,0.0
adam,8200,0.0007204862777143717,1.4407801245397422e-06,2.4820641556289047e-05,0.0003282018005847931,0.0
adam,8300,0.0005788179696537554,5.570599341808702e-07,2.0896513888146728e-05,0.00031414683326147497,0.0
adam,8400,0.0005637037102133036,5.32864646629605e-07,2.057067285932135e-05,0.00030471052741631866,0.0
adam,8500,0.001024867407977581,4.001722572866129e-06,3.3117605198640376e-05,0.00029351917328312993,0.0
adam,8600,0.000547957606613636,5.086233727524814e-07,2.0907315047224984e-05,0.0002880220708902925,0.0
adam,8700,0.0005338602932170033,4.832796207665524e-07,2.037114063568879e-05,0.0002818209177348763,0.0
adam,8800,0.003815037664026022,2.492103521944955e-05,9.629401029087603e-05,0.000359994126483798,0.0
adam,8900,0.0005213094409555197,4.852246320297127e-07,2.0600778952939436e-05,0.00026677921414375305,0.0
adam,9000,0.0005078159738332033,4.573666672058607e-07,2.001242319238372e-05,0.00026195505051873624,0.0
adam,9100,0.0016674133948981762,9.963820957636926e-06,4.1678358684293926e-05,0.00025424768682569265,0.0
adam,9200,0.0005025035352446139,4.925845473735535e-07,1.988157418963965e-05,0.00025442932383157313,0.0
adam,9300,0.00048476981464773417,4.4581000224752643e-07,1.9540375433280133e-05,0.00024478507111780345,0.0
adam,9400,0.00047323163016699255,4.265292261607101e-07,1.9117800547974184e-05,0.00023940071696415544,0.0
adam,9500,0.0004832679114770144,4.7583358764313743e-07,2.0712159312097356e-05,0.00022856294526718557,0.0
adam,9600,0.00046387515612877905,3.994481119207194e-07,1.934196916408837e-05,0.00023051066091284156,0.0
adam,9700,0.0004526839475147426,3.804153720921022e-07,1.875565794762224e-05,0.00022708582400809973,0.0
adam,9800,0.003677229629829526,2.5367160560563207e-05,7.907651161076501e-05,0.00034974858863279223,0.0
adam,9900,0.00044753251131623983,3.9130492268668604e-07,1.9048244212171994e-05,0.00021791958715766668,0.0
adam,10000,0.0004359753802418709,3.6487386978478753e-07,1.8382275811745785e-05,0.00021566521900240332,0.0
lbfgs,0,0.00043586731771938503,3.6466187225414615e-07,1.8376438674749807e-05,0.00021563675545621663,0.0
lbfgs,50,0.00038657564437016845,1.5648076612251316e-07,9.838921869231854e-06,0.0002725383674260229,0.0
lbfgs,100,0.0003272010071668774,1.4579580920326407e-07,1.1654283298412338e-05,0.00019607858848758042,0.0
lbfgs,150,0.0002656705619301647,1.1292288348840884e-07,9.352724191558082e-06,0.0001608510356163606,0.0
lbfgs,200,0.00021274971368256956,9.844671211567402e-08,5.405882802733686e-06,0.00014884621486999094,0.0
lbfgs,250,0.00016464652435388416,7.259755818722624e-08,2.918540985774598e-06,0.00012820135452784598,0.0
lbfgs,300,0.00012678216444328427,7.822242764632392e-08,2.540203468015534e-06,9.355787915410474e-05,0.0
lbfgs,350,0.00010331130033591762,7.245903788088981e-08,1.5637758679076796e-06,8.042763511184603e-05,0.0
lbfgs,400,7.846339576644823e-05,3.01425053805815e-08,8.679355687490897e-07,6.676978955511004e-05,0.0
lbfgs,450,6.637928890995681e-05,2.0104282683064412e-08,9.487818033449003e-07,5.488104579853825e-05,0.0
lbfgs,500,5.77112368773669e-05,9.137703926853646e-09,3.5341193438398477e-07,5.326334576238878e-05,0.0
lbfgs,550,5.2287774451542646e-05,5.029828553659854e-09,5.573674002334883e-07,4.621111656888388e-05,0.0
lbfgs,600,4.154622365604155e-05,8.658749273138255e-09,4.092723315807234e-07,3.658762580016628e-05,0.0
lbfgs,650,3.825120074907318e-05,9.13780962008559e-09,3.9734794654577854e-07,3.336394001962617e-05,0.0
lbfgs,700,3.0211545890779234e-05,8.153738129124122e-09,3.8919762346267817e-07,2.5504195946268737e-05,0.0
lbfgs,750,2.7672547730617225e-05,6.3814797890415775e-09,4.1270982364949305e-07,2.2907301172381267e-05,0.0
lbfgs,800,2.6247071218676865e-05,8.035453191723718e-09,4.3062988197561936e-07,2.1137226212886162e-05,0.0
lbfgs,850,2.1542202375712804e-05,6.778939187768174e-09,5.085408929517143e-07,1.577889997861348e-05,0.0
lbfgs,900,1.894528577395249e-05,2.524753517363365e-09,4.796718826582946e-07,1.3896091331844218e-05,0.0
lbfgs,950,1.8279533833265305e-05,3.4970955020696692e-09,4.4602887783184997e-07,1.3469534678733908e-05,0.0
lbfgs,1000,1.59288047143491e-05,2.500508022862391e-09,2.99804838732598e-07,1.2680706277024001e-05,0.0
lbfgs,1050,1.4504899809253402e-05,4.935428510322026e-09,2.1280786199895374e-07,1.1883278602908831e-05,0.0
